data <- list(
  N = 75,  
  AI=c(-83.84,-75.69,-72.98,-40.01,-39.93,-31.28,-27.47,-23.89,3.71,5.04,5.26,5.72,8.03,9.01,13.17,13.25,18.89,24.08,27.06,28.38,33.62,35.44,38.70,39.14,39.92,44.24,44.49,48.59,50.00,50.00,50.00,50.21,54.52,55.80,56.14,57.16,57.61,59.11,56.86,60.07,60.88,60.95,61.74,63.74,65.77,65.86,69.77,71.45,71.95,72.95,73.83,75.64,76.61,77.17,77.83,78.04,78.17,78.19,78.30,79.86,82.15,82.79,84.47,86.83,86.94,88.11,88.23,89.65,89.75,90.69,91.94,92.20,92.73,98.61,100.00),
  clAI=c(4,4,4,4,4,4,4,4,4,4,4,4,4,4,4,4,4,3,3,3,3,3,3,3,3,3,3,3,3,3,3,2,2,2,2,2,2,2,2,2,2,2,2,2,2,2,2,1,1,1,1,1,1,1,1,1,1,1,1,1,1,1,1,1,1,1,1,1,1,1,1,1,1,1,1),
  hAI=structure(.Data=c(1,1,1,1,1,1,1,1,1,1,1,1,1,1,1,1,1,1,1,1,1,1,1,1,1,1,1,1,1,1,1,1,1,1,1,1,1,1,1,1,1,1,1,1,1,1,1,1,1,1,1,1,1,1,1,1,1,1,1,1,1,1,1,1,1,1,1,1,1,1,1,1,1,1,1,
                        1,1,1,1,1,1,1,1,1,1,1,1,1,1,1,1,1,1,1,1,1,1,1,1,1,1,1,1,1,1,1,1,1,1,1,1,1,1,1,1,1,1,1,1,1,1,1,0,0,0,0,0,0,0,0,0,0,0,0,0,0,0,0,0,0,0,0,0,0,0,0,0,0,0,0,
                        1,1,1,1,1,1,1,1,1,1,1,1,1,1,1,1,1,1,1,1,1,1,1,1,1,1,1,1,1,1,1,0,0,0,0,0,0,0,0,0,0,0,0,0,0,0,0,0,0,0,0,0,0,0,0,0,0,0,0,0,0,0,0,0,0,0,0,0,0,0,0,0,0,0,0,
                        1,1,1,1,1,1,1,1,1,1,1,1,1,1,1,1,1,0,0,0,0,0,0,0,0,0,0,0,0,0,0,0,0,0,0,0,0,0,0,0,0,0,0,0,0,0,0,0,0,0,0,0,0,0,0,0,0,0,0,0,0,0,0,0,0,0,0,0,0,0,0,0,0,0,0),
                .Dim=c(75,4)),
  Y1999_2001=c(77,6,38,248,8,113,130,307,182,178,41,45,57,128,29,200,141,84,84,386,134,100,79,126,54,170,72,138,23,17,33,98,45,17,113,186,138,14,188,454,117,277,42,29,130,174,46,91,70,137,71,165,111,213,177,36,92,72,44,46,531,163,99,33,75,32,98,61,42,70,193,343,111,1390,78),
  E1999_2001=c(103.57755,17.70690,76.21132,356.81312,26.97449,81.53906,140.78219,211.65457,148.20297,175.96095,48.80031,31.09341,40.69678,98.64155,54.88916,164.04069,105.11095,71.07385,139.88677,290.74242,116.53873,82.82622,66.98850,134.18967,54.92274,139.84200,71.54395,99.68248,35.80555,17.80764,37.84263,73.45790,42.25257,18.77021,95.40685,196.14144,120.06444,14.97588,187.08652,369.04677,122.72831,272.93478,27.70201,31.38442,134.53664,147.82242,45.43130,68.04062,67.10043,125.70558,73.74891,145.97562,101.08157,206.71858,150.68776,36.57785,80.00565,59.00809,48.03921,37.55162,536.56840,110.78567,87.20258,37.50685,53.84824,42.45403,132.26452,54.50861,53.84824,85.84826,201.87212,404.63966,156.40724,1743.69340,96.17915),
  MHDI1999_2001=c(0.4923333,0.4174000,0.4303125,0.4491111,0.4773333,0.4540625,0.4705000,0.4571250,0.4521818,0.4898571,0.4735000,0.4610000,0.5200000,0.5405000,0.5412500,0.5503636,0.4702143,0.4580000,0.4647143,0.5099048,0.5202500,0.5256364,0.5031333,0.6155455,0.6034444,0.5588000,0.5459091,0.4754375,0.6010000,0.4682500,0.5546667,0.5788750,0.5935000,0.6191667,0.5194211,0.5961111,0.6137500,0.6312000,0.5736500,0.5866875,0.6068333,0.5292917,0.5820000,0.5962000,0.5208889,0.5810000,0.5390588,0.5905000,0.5732500,0.5817059,0.6228750,0.5816250,0.5870909,0.5978750,0.5447500,0.6296667,0.6042222,0.5127273,0.6108182,0.6376667,0.5600769,0.5220588,0.6113571,0.6053750,0.5630000,0.6060000,0.5460000,0.6058000,0.5950000,0.5673810,0.6220000,0.6042000,0.5515714,0.5882143,0.6003333),
  MomEduc1999_2001=c(0.05187,0.01707,0.03334,0.10145,0.02739,0.02924,0.08602,0.05695,0.03142,0.05528,0.02959,0.03384,0.02668,0.09316,0.03732,0.06045,0.04014,0.03937,0.05313,0.06756,0.07050,0.04041,0.04545,0.06865,0.05706,0.08860,0.06273,0.04087,0.06721,0.04148,0.04348,0.09874,0.04212,0.04890,0.04540,0.07704,0.06945,0.04559,0.06168,0.06636,0.04286,0.05786,0.04929,0.07596,0.05599,0.06860,0.04016,0.05182,0.04921,0.04915,0.09167,0.07790,0.04883,0.06335,0.07331,0.02020,0.08072,0.06222,0.05475,0.05782,0.06673,0.08790,0.05737,0.05730,0.06132,0.10308,0.06499,0.05298,0.06111,0.06010,0.08827,0.07172,0.09203,0.09969,0.04178),
  LowWeight1999_2001=c(0.08785,0.06764,0.06330,0.08761,0.05187,0.08195,0.08785,0.08281,0.08043,0.09026,0.07775,0.06371,0.08966,0.08397,0.06464,0.08618,0.09775,0.07874,0.08081,0.07757,0.08279,0.10419,0.07151,0.07065,0.09109,0.07836,0.08792,0.08185,0.07877,0.08108,0.06773,0.09538,0.08185,0.09183,0.09092,0.08999,0.07859,0.07399,0.08053,0.08353,0.07706,0.07976,0.07636,0.07668,0.08794,0.09548,0.09313,0.07978,0.07840,0.08361,0.08362,0.08841,0.08515,0.08452,0.08416,0.08078,0.08310,0.07094,0.08364,0.08793,0.10213,0.09689,0.08677,0.06864,0.10310,0.07013,0.08996,0.07947,0.07836,0.09113,0.08511,0.09875,0.07600,0.10349,0.10427),
  Anomaly1999_2001=c(0.0041063,0.0000000,0.0011749,0.0023526,0.0024896,0.0020590,0.0039752,0.0038075,0.0012084,0.0031805,0.0025229,0.0017999,0.0030253,0.0052196,0.0036705,0.0040257,0.0022362,0.0036220,0.0012802,0.0036187,0.0038417,0.0037838,0.0016708,0.0025857,0.0055023,0.0027213,0.0056320,0.0014597,0.0046890,0.0050283,0.0017746,0.0021332,0.0026490,0.0017889,0.0023463,0.0027962,0.0021441,0.0014948,0.0022136,0.0027296,0.0040128,0.0029116,0.0040404,0.0024964,0.0042429,0.0050731,0.0046810,0.0024675,0.0038365,0.0032054,0.0100167,0.0044472,0.0027682,0.0034653,0.0015598,0.0021420,0.0039172,0.0032246,0.0039609,0.0026826,0.0031916,0.0055567,0.0032088,0.0017905,0.0051964,0.0021091,0.0029618,0.0053388,0.0006236,0.0043025,0.0038257,0.0030427,0.0017890,0.0030362,0.0029093),
  Prenatal1999_2001=c(0.30387,0.21365,0.28169,0.66872,0.14938,0.18655,0.55223,0.44072,0.35216,0.44615,0.22133,0.24802,0.45737,0.50675,0.39294,0.56380,0.35790,0.52756,0.27332,0.49376,0.53861,0.43608,0.37026,0.44357,0.60118,0.41404,0.60576,0.33696,0.70710,0.40541,0.55368,0.49535,0.47258,0.56351,0.40568,0.51626,0.38165,0.44021,0.30009,0.40264,0.37145,0.48140,0.42222,0.45720,0.38769,0.49784,0.36980,0.61211,0.56130,0.42605,0.63834,0.57913,0.42631,0.44225,0.40466,0.20900,0.64913,0.47288,0.46785,0.61669,0.54110,0.65124,0.42690,0.56610,0.55768,0.36778,0.38047,0.52177,0.34629,0.44446,0.71108,0.45749,0.30857,0.48404,0.42325),
  Y2009_2011=c(58,20,70,228,19,89,70,130,116,147,23,24,27,63,37,102,58,63,79,126,70,60,62,66,24,104,48,81,18,11,19,48,30,6,60,100,57,9,109,199,73,152,15,27,58,87,32,26,26,71,58,89,78,88,98,28,41,39,32,25,283,76,46,24,31,30,97,29,32,50,121,170,85,721,47),
  E2009_2011=c(55.218938,14.338907,47.558120,225.871290,13.959216,47.803802,75.148976,120.510846,91.579905,94.461087,30.576268,19.006869,22.565539,59.254082,33.226658,84.842256,58.695713,43.381522,80.807112,156.745250,62.246938,51.719828,41.721306,74.285366,28.648035,78.521523,37.358586,50.573311,22.744217,9.000903,18.046475,40.961925,21.724263,9.693280,54.444667,112.448003,64.145391,7.899055,104.124587,218.158357,69.877976,146.419152,15.358861,16.483043,73.741887,80.702883,28.774598,38.654001,37.105459,68.701680,46.746624,81.499489,68.657010,109.202020,87.246964,21.136115,41.237387,32.854412,24.992581,22.543204,316.639699,57.653425,50.603090,25.796632,24.702229,22.401751,68.813353,28.320458,27.866318,46.031912,133.308656,206.827196,95.414036,955.219876,59.447650),
  MHDI2009_2011=c(0.6250000,0.5682000,0.6032500,0.6047778,0.6153333,0.5986875,0.6035000,0.6188750,0.6050909,0.6265000,0.6071667,0.6076667,0.6433333,0.6405000,0.6707500,0.6745455,0.6077857,0.6303000,0.6355000,0.6321905,0.6410000,0.6359091,0.6262667,0.7115455,0.7072222,0.6675000,0.6682727,0.6163125,0.6980000,0.6337500,0.6666667,0.6938750,0.6945000,0.7093333,0.6458421,0.7066111,0.7062500,0.7118000,0.6898000,0.6952500,0.7130000,0.6439167,0.6910000,0.6970000,0.6434444,0.6942500,0.6668824,0.7027500,0.6786667,0.6954118,0.7228750,0.6850000,0.6913636,0.7033750,0.6647500,0.7376667,0.7086667,0.6669091,0.7133636,0.7381667,0.6871538,0.6589412,0.7097143,0.7040000,0.6782500,0.7023750,0.6703000,0.7006000,0.7086667,0.6673333,0.7171111,0.7014000,0.6807143,0.7025714,0.7313333),